{
  "summary": {
    "input_ssg_index": "229.229.1.1.L",
    "primitive_ssg_index": "229.229.1.1.L",
    "input_conf": "Collinear",
    "input_spin_only_direction": "-sqrt(2)/2,0,-sqrt(2)/2",
    "input_magnetic_phase": "FM/FiM",
    "input_ssg_database_symbol": "I 1|m 1|-3 1|m ∞_{alpha,beta,gamma}m|1",
    "input_msg_num": 1197,
    "primitive_msg_num": 1197,
    "input_msg_bns_number": "139.537",
    "primitive_msg_bns_number": "139.537",
    "input_msg_symbol": "I4/mm'm'",
    "is_input_magnetic_primitive": true,
    "input_ssg_may_be_incomplete": false,
    "warning": null
  },
  "ssg": {
    "setting": "input_poscar",
    "spin_frame_setting": "cartesian",
    "ops": [
      {
        "index": 1,
        "spin_rotation": [
          [1.0, 0.0, 0.0],
          [0.0, 1.0, 0.0],
          [0.0, 0.0, 1.0]
        ],
        "real_rotation": [
          [0.9999999999999997, 5.59300978864895e-17, 9.866831598179812e-17],
          [-1.0244426575420382e-16, 1.0, 3.8094135438589796e-33],
          [9.860761315262648e-32, 5.59300978864895e-17, 0.9999999999999999]
        ],
        "translation": [0.0, 0.0, 0.0]
      },
      {
        "index": 2,
        "spin_rotation": [
          [0.33333390357651194, -0.9428088399704599, 0.0],
          [-0.9428088399704599, -0.3333339035765115, 0.0],
          [0.0, 0.0, 1.0]
        ],
        "real_rotation": [
          [0.9999999999999997, 5.59300978864895e-17, 9.866831598179812e-17],
          [-1.0244426575420382e-16, 1.0, 3.8094135438589796e-33],
          [9.860761315262648e-32, 5.59300978864895e-17, 0.9999999999999999]
        ],
        "translation": [0.0, 0.0, 0.0]
      },
      {
        "index": 3,
        "spin_rotation": [
          [0.3333329973246333, 0.4714044559678278, 0.8164967555283071],
          [0.471404455967828, 0.6666669263447327, -0.5773500222670319],
          [0.8164967555283069, -0.5773500222670319, 7.633063359158143e-08]
        ],
        "real_rotation": [
          [0.9999999999999997, 5.59300978864895e-17, 9.866831598179812e-17],
          [-1.0244426575420382e-16, 1.0, 3.8094135438589796e-33],
          [9.860761315262648e-32, 5.59300978864895e-17, 0.9999999999999999]
        ],
        "translation": [0.0, 0.0, 0.0]
      },
      {
        "index": 4,
        "spin_rotation": [
          [-0.3333330990988548, -0.4714043840026321, 0.8164967555283071],
          [-0.4714043840026319, -0.6666669772317787, -0.5773500222670319],
          [0.8164967555283071, -0.5773500222670317, 7.633063359158143e-08]
        ],
        "real_rotation": [
          [0.9999999999999997, 5.59300978864895e-17, 9.866831598179812e-17],
          [-1.0244426575420382e-16, 1.0, 3.8094135438589796e-33],
          [9.860761315262648e-32, 5.59300978864895e-17, 0.9999999999999999]
        ],
        "translation": [0.0, 0.0, 0.0]
      },
      {
        "index": 5,
        "spin_rotation": [
          [1.0, 0.0, 0.0],
          [0.0, 1.0, 0.0],
          [0.0, 0.0, 1.0]
        ],
        "real_rotation": [
          [1.1102230246251565e-16, 5.59300978864895e-17, 0.9999999999999994],
          [1.0244426575420402e-16, 1.0, -2.048885315084078e-16],
          [1.0000000000000002, 5.59300978864895e-17, -1.024442657542039e-16]
        ],
        "translation": [0.0, 0.0, 0.0]
      },
      {
        "index": 6,
        "spin_rotation": [
          [1.0, 0.0, 0.0],
          [0.0, 1.0, 0.0],
          [0.0, 0.0, 1.0]
        ],
        "real_rotation": [
          [2.0932023189029277e-17, 0.9999999999999996, 9.866831598179812e-17],
          [1.0000000000000002, -1.024442657542039e-16, 3.8094135438589796e-33],
          [9.860761315262648e-32, 0.0, 0.9999999999999999]
        ],
        "translation": [0.0, 0.0, 0.0]
      },
      {
        "index": 7,
        "spin_rotation": [
          [0.33333390357651194, -0.9428088399704599, 0.0],
          [-0.9428088399704599, -0.3333339035765115, 0.0],
          [0.0, 0.0, 1.0]
        ],
        "real_rotation": [
          [1.1102230246251565e-16, 5.59300978864895e-17, 0.9999999999999994],
          [1.0244426575420402e-16, 1.0, -2.048885315084078e-16],
          [1.0000000000000002, 5.59300978864895e-17, -1.024442657542039e-16]
        ],
        "translation": [0.0, 0.0, 0.0]
      },
      {
        "index": 8,
        "spin_rotation": [
          [0.33333390357651194, -0.9428088399704599, 0.0],
          [-0.9428088399704599, -0.3333339035765115, 0.0],
          [0.0, 0.0, 1.0]
        ],
        "real_rotation": [
          [2.0932023189029277e-17, 0.9999999999999996, 9.866831598179812e-17],
          [1.0000000000000002, -1.024442657542039e-16, 3.8094135438589796e-33],
          [9.860761315262648e-32, 0.0, 0.9999999999999999]
        ],
        "translation": [0.0, 0.0, 0.0]
      },
      {
        "index": 9,
        "spin_rotation": [
          [0.3333329973246333, 0.4714044559678278, 0.8164967555283071],
          [0.471404455967828, 0.6666669263447327, -0.5773500222670319],
          [0.8164967555283069, -0.5773500222670319, 7.633063359158143e-08]
        ],
        "real_rotation": [
          [1.1102230246251565e-16, 5.59300978864895e-17, 0.9999999999999994],
          [1.0244426575420402e-16, 1.0, -2.048885315084078e-16],
          [1.0000000000000002, 5.59300978864895e-17, -1.024442657542039e-16]
        ],
        "translation": [0.0, 0.0, 0.0]
      },
      {
        "index": 10,
        "spin_rotation": [
          [0.3333329973246333, 0.4714044559678278, 0.8164967555283071],
          [0.471404455967828, 0.6666669263447327, -0.5773500222670319],
          [0.8164967555283069, -0.5773500222670319, 7.633063359158143e-08]
        ],
        "real_rotation": [
          [2.0932023189029277e-17, 0.9999999999999996, 9.866831598179812e-17],
          [1.0000000000000002, -1.024442657542039e-16, 3.8094135438589796e-33],
          [9.860761315262648e-32, 0.0, 0.9999999999999999]
        ],
        "translation": [0.0, 0.0, 0.0]
      },
      {
        "index": 11,
        "spin_rotation": [
          [-0.3333330990988548, -0.4714043840026321, 0.8164967555283071],
          [-0.4714043840026319, -0.6666669772317787, -0.5773500222670319],
          [0.8164967555283071, -0.5773500222670317, 7.633063359158143e-08]
        ],
        "real_rotation": [
          [1.1102230246251565e-16, 5.59300978864895e-17, 0.9999999999999994],
          [1.0244426575420402e-16, 1.0, -2.048885315084078e-16],
          [1.0000000000000002, 5.59300978864895e-17, -1.024442657542039e-16]
        ],
        "translation": [0.0, 0.0, 0.0]
      },
      {
        "index": 12,
        "spin_rotation": [
          [-0.3333330990988548, -0.4714043840026321, 0.8164967555283071],
          [-0.4714043840026319, -0.6666669772317787, -0.5773500222670319],
          [0.8164967555283071, -0.5773500222670317, 7.633063359158143e-08]
        ],
        "real_rotation": [
          [2.0932023189029277e-17, 0.9999999999999996, 9.866831598179812e-17],
          [1.0000000000000002, -1.024442657542039e-16, 3.8094135438589796e-33],
          [9.860761315262648e-32, 0.0, 0.9999999999999999]
        ],
        "translation": [0.0, 0.0, 0.0]
      },
      {
        "index": 13,
        "spin_rotation": [
          [1.0, 0.0, 0.0],
          [0.0, 1.0, 0.0],
          [0.0, 0.0, 1.0]
        ],
        "real_rotation": [
          [0.9999999999999997, 2.0111258173600198e-16, -4.6514167867714364e-17],
          [9.860761315262648e-32, 1.024442657542039e-16, 0.9999999999999999],
          [-5.593009788648942e-17, 1.0, -4.651416786771439e-17]
        ],
        "translation": [0.0, 0.0, 0.0]
      },
      {
        "index": 14,
        "spin_rotation": [
          [0.33333390357651194, -0.9428088399704599, 0.0],
          [-0.9428088399704599, -0.3333339035765115, 0.0],
          [0.0, 0.0, 1.0]
        ],
        "real_rotation": [
          [0.9999999999999997, 2.0111258173600198e-16, -4.6514167867714364e-17],
          [9.860761315262648e-32, 1.024442657542039e-16, 0.9999999999999999],
          [-5.593009788648942e-17, 1.0, -4.651416786771439e-17]
        ],
        "translation": [0.0, 0.0, 0.0]
      },
      {
        "index": 15,
        "spin_rotation": [
          [0.3333329973246333, 0.4714044559678278, 0.8164967555283071],
          [0.471404455967828, 0.6666669263447327, -0.5773500222670319],
          [0.8164967555283069, -0.5773500222670319, 7.633063359158143e-08]
        ],
        "real_rotation": [
          [0.9999999999999997, 2.0111258173600198e-16, -4.6514167867714364e-17],
          [9.860761315262648e-32, 1.024442657542039e-16, 0.9999999999999999],
          [-5.593009788648942e-17, 1.0, -4.651416786771439e-17]
        ],
        "translation": [0.0, 0.0, 0.0]
      },
      {
        "index": 16,
        "spin_rotation": [
          [-0.3333330990988548, -0.4714043840026321, 0.8164967555283071],
          [-0.4714043840026319, -0.6666669772317787, -0.5773500222670319],
          [0.8164967555283071, -0.5773500222670317, 7.633063359158143e-08]
        ],
        "real_rotation": [
          [0.9999999999999997, 2.0111258173600198e-16, -4.6514167867714364e-17],
          [9.860761315262648e-32, 1.024442657542039e-16, 0.9999999999999999],
          [-5.593009788648942e-17, 1.0, -4.651416786771439e-17]
        ],
        "translation": [0.0, 0.0, 0.0]
      },
      {
        "index": 17,
        "spin_rotation": [
          [1.0, 0.0, 0.0],
          [0.0, 1.0, 0.0],
          [0.0, 0.0, 1.0]
        ],
        "real_rotation": [
          [0.9999999999999997, -0.9999999999999998, 2.01112581736002e-16],
          [-1.0244426575420402e-16, -1.0, 2.048885315084078e-16],
          [9.860761315262648e-32, -1.0, 1.0]
        ],
        "translation": [0.0, 0.0, 0.0]
      },
      {
        "index": 18,
        "spin_rotation": [
          [1.0, 0.0, 0.0],
          [0.0, 1.0, 0.0],
          [0.0, 0.0, 1.0]
        ],
        "real_rotation": [
          [0.9999999999999998, 5.59300978864895e-17, -0.9999999999999998],
          [-9.860761315262648e-32, 1.0, -1.0],
          [-9.860761315262648e-32, 5.59300978864895e-17, -0.9999999999999999]
        ],
        "translation": [0.0, 0.0, 0.0]
      },
      {
        "index": 19,
        "spin_rotation": [
          [1.0, 0.0, 0.0],
          [0.0, 1.0, 0.0],
          [0.0, 0.0, 1.0]
        ],
        "real_rotation": [
          [1.0, -0.9999999999999996, -5.593009788648953e-17],
          [1.0000000000000002, 1.024442657542039e-16, -1.0],
          [1.0000000000000002, 0.0, -1.583743636406934e-16]
        ],
        "translation": [0.0, 0.0, 0.0]
      },
      {
        "index": 20,
        "spin_rotation": [
          [1.0, 0.0, 0.0],
          [0.0, 1.0, 0.0],
          [0.0, 0.0, 1.0]
        ],
        "real_rotation": [
          [-1.1102230246251565e-16, 0.9999999999999998, -0.9999999999999996],
          [-1.0244426575420382e-16, 1.0, 3.8094135438589796e-33],
          [-1.0000000000000002, 1.0, -5.7297178115421684e-33]
        ],
        "translation": [0.0, 0.0, 0.0]
      },
      {
        "index": 21,
        "spin_rotation": [
          [1.0, 0.0, 0.0],
          [0.0, 1.0, 0.0],
          [0.0, 0.0, 1.0]
        ],
        "real_rotation": [
          [4.930380657631324e-32, -2.0111258173600198e-16, 0.9999999999999997],
          [-1.0000000000000002, -1.024442657542039e-16, 1.0],
          [9.860761315262648e-32, -1.0, 1.0]
        ],
        "translation": [0.0, 0.0, 0.0]
      },
      {
        "index": 22,
        "spin_rotation": [
          [1.0, 0.0, 0.0],
          [0.0, 1.0, 0.0],
          [0.0, 0.0, 1.0]
        ],
        "real_rotation": [
          [1.0, -2.0111258173600198e-16, -1.5837436364069334e-16],
          [1.0000000000000002, -1.024442657542039e-16, -1.0],
          [1.0000000000000002, -1.0, -5.59300978864895e-17]
        ],
        "translation": [0.0, 0.0, 0.0]
      },
      {
        "index": 23,
        "spin_rotation": [
          [1.0, 0.0, 0.0],
          [0.0, 1.0, 0.0],
          [0.0, 0.0, 1.0]
        ],
        "real_rotation": [
          [4.930380657631324e-32, -0.9999999999999996, 0.9999999999999998],
          [-1.0000000000000002, 1.024442657542039e-16, 1.0],
          [9.860761315262648e-32, 0.0, 0.9999999999999999]
        ],
        "translation": [0.0, 0.0, 0.0]
      },
      {
        "index": 24,
        "spin_rotation": [
          [1.0, 0.0, 0.0],
          [0.0, 1.0, 0.0],
          [0.0, 0.0, 1.0]
        ],
        "real_rotation": [
          [-1.6611450703854174e-16, 0.9999999999999998, -1.5837436364069334e-16],
          [-9.860761315262648e-32, 1.0, -1.0],
          [-1.0000000000000002, 1.0, -5.59300978864895e-17]
        ],
        "translation": [0.0, 0.0, 0.0]
      },
      {
        "index": 25,
        "spin_rotation": [
          [1.0, 0.0, 0.0],
          [0.0, 1.0, 0.0],
          [0.0, 0.0, 1.0]
        ],
        "real_rotation": [
          [1.0, -2.0111258173600198e-16, -0.9999999999999996],
          [1.0000000000000002, -1.024442657542039e-16, 3.8094135438589796e-33],
          [1.0000000000000002, -1.0, -5.7297178115421684e-33]
        ],
        "translation": [0.0, 0.0, 0.0]
      },
      {
        "index": 26,
        "spin_rotation": [
          [1.0, 0.0, 0.0],
          [0.0, 1.0, 0.0],
          [0.0, 0.0, 1.0]
        ],
        "real_rotation": [
          [-1.110223024625156e-16, -0.9999999999999996, 0.9999999999999998],
          [9.860761315262648e-32, 1.024442657542039e-16, 0.9999999999999999],
          [-1.0000000000000002, 0.0, 1.0]
        ],
        "translation": [0.0, 0.0, 0.0]
      },
      {
        "index": 27,
        "spin_rotation": [
          [1.0, 0.0, 0.0],
          [0.0, 1.0, 0.0],
          [0.0, 0.0, 1.0]
        ],
        "real_rotation": [
          [0.0, 0.9999999999999998, -0.9999999999999996],
          [-1.0000000000000002, 1.0, 1.0244426575420388e-16],
          [9.860761315262648e-32, 1.0, -1.024442657542039e-16]
        ],
        "translation": [0.0, 0.0, 0.0]
      },
      {
        "index": 28,
        "spin_rotation": [
          [1.0, 0.0, 0.0],
          [0.0, 1.0, 0.0],
          [0.0, 0.0, 1.0]
        ],
        "real_rotation": [
          [1.661145070385418e-16, 0.9999999999999996, -4.6514167867714364e-17],
          [9.860761315262648e-32, -1.024442657542039e-16, 0.9999999999999999],
          [1.0000000000000002, 0.0, -4.651416786771439e-17]
        ],
        "translation": [0.0, 0.0, 0.0]
      },
      {
        "index": 29,
        "spin_rotation": [
          [1.0, 0.0, 0.0],
          [0.0, 1.0, 0.0],
          [0.0, 0.0, 1.0]
        ],
        "real_rotation": [
          [-1.661145070385418e-16, -0.9999999999999996, 4.6514167867714364e-17],
          [-9.860761315262648e-32, 1.024442657542039e-16, -0.9999999999999999],
          [-1.0000000000000002, 0.0, 4.651416786771439e-17]
        ],
        "translation": [0.0, 0.0, 0.0]
      },
      {
        "index": 30,
        "spin_rotation": [
          [1.0, 0.0, 0.0],
          [0.0, 1.0, 0.0],
          [0.0, 0.0, 1.0]
        ],
        "real_rotation": [
          [0.0, 2.0111258173600198e-16, 0.9999999999999994],
          [1.0000000000000002, 1.024442657542039e-16, -2.048885315084078e-16],
          [9.860761315262648e-32, 1.0, -1.024442657542039e-16]
        ],
        "translation": [0.0, 0.0, 0.0]
      },
      {
        "index": 31,
        "spin_rotation": [
          [1.0, 0.0, 0.0],
          [0.0, 1.0, 0.0],
          [0.0, 0.0, 1.0]
        ],
        "real_rotation": [
          [0.0, -2.0111258173600198e-16, -0.9999999999999994],
          [-1.0000000000000002, -1.024442657542039e-16, 2.048885315084078e-16],
          [-9.860761315262648e-32, -1.0, 1.024442657542039e-16]
        ],
        "translation": [0.0, 0.0, 0.0]
      },
      {
        "index": 32,
        "spin_rotation": [
          [0.33333390357651194, -0.9428088399704599, 0.0],
          [-0.9428088399704599, -0.3333339035765115, 0.0],
          [0.0, 0.0, 1.0]
        ],
        "real_rotation": [
          [0.9999999999999997, -0.9999999999999998, 2.01112581736002e-16],
          [-1.0244426575420402e-16, -1.0, 2.048885315084078e-16],
          [9.860761315262648e-32, -1.0, 1.0]
        ],
        "translation": [0.0, 0.0, 0.0]
      },
      {
        "index": 33,
        "spin_rotation": [
          [0.33333390357651194, -0.9428088399704599, 0.0],
          [-0.9428088399704599, -0.3333339035765115, 0.0],
          [0.0, 0.0, 1.0]
        ],
        "real_rotation": [
          [0.9999999999999998, 5.59300978864895e-17, -0.9999999999999998],
          [-9.860761315262648e-32, 1.0, -1.0],
          [-9.860761315262648e-32, 5.59300978864895e-17, -0.9999999999999999]
        ],
        "translation": [0.0, 0.0, 0.0]
      },
      {
        "index": 34,
        "spin_rotation": [
          [0.33333390357651194, -0.9428088399704599, 0.0],
          [-0.9428088399704599, -0.3333339035765115, 0.0],
          [0.0, 0.0, 1.0]
        ],
        "real_rotation": [
          [1.0, -0.9999999999999996, -5.593009788648953e-17],
          [1.0000000000000002, 1.024442657542039e-16, -1.0],
          [1.0000000000000002, 0.0, -1.583743636406934e-16]
        ],
        "translation": [0.0, 0.0, 0.0]
      },
      {
        "index": 35,
        "spin_rotation": [
          [0.33333390357651194, -0.9428088399704599, 0.0],
          [-0.9428088399704599, -0.3333339035765115, 0.0],
          [0.0, 0.0, 1.0]
        ],
        "real_rotation": [
          [-1.1102230246251565e-16, 0.9999999999999998, -0.9999999999999996],
          [-1.0244426575420382e-16, 1.0, 3.8094135438589796e-33],
          [-1.0000000000000002, 1.0, -5.7297178115421684e-33]
        ],
        "translation": [0.0, 0.0, 0.0]
      },
      {
        "index": 36,
        "spin_rotation": [
          [0.33333390357651194, -0.9428088399704599, 0.0],
          [-0.9428088399704599, -0.3333339035765115, 0.0],
          [0.0, 0.0, 1.0]
        ],
        "real_rotation": [
          [4.930380657631324e-32, -2.0111258173600198e-16, 0.9999999999999997],
          [-1.0000000000000002, -1.024442657542039e-16, 1.0],
          [9.860761315262648e-32, -1.0, 1.0]
        ],
        "translation": [0.0, 0.0, 0.0]
      },
      {
        "index": 37,
        "spin_rotation": [
          [0.33333390357651194, -0.9428088399704599, 0.0],
          [-0.9428088399704599, -0.3333339035765115, 0.0],
          [0.0, 0.0, 1.0]
        ],
        "real_rotation": [
          [1.0, -2.0111258173600198e-16, -1.5837436364069334e-16],
          [1.0000000000000002, -1.024442657542039e-16, -1.0],
          [1.0000000000000002, -1.0, -5.59300978864895e-17]
        ],
        "translation": [0.0, 0.0, 0.0]
      },
      {
        "index": 38,
        "spin_rotation": [
          [0.33333390357651194, -0.9428088399704599, 0.0],
          [-0.9428088399704599, -0.3333339035765115, 0.0],
          [0.0, 0.0, 1.0]
        ],
        "real_rotation": [
          [4.930380657631324e-32, -0.9999999999999996, 0.9999999999999998],
          [-1.0000000000000002, 1.024442657542039e-16, 1.0],
          [9.860761315262648e-32, 0.0, 0.9999999999999999]
        ],
        "translation": [0.0, 0.0, 0.0]
      },
      {
        "index": 39,
        "spin_rotation": [
          [0.33333390357651194, -0.9428088399704599, 0.0],
          [-0.9428088399704599, -0.3333339035765115, 0.0],
          [0.0, 0.0, 1.0]
        ],
        "real_rotation": [
          [-1.6611450703854174e-16, 0.9999999999999998, -1.5837436364069334e-16],
          [-9.860761315262648e-32, 1.0, -1.0],
          [-1.0000000000000002, 1.0, -5.59300978864895e-17]
        ],
        "translation": [0.0, 0.0, 0.0]
      },
      {
        "index": 40,
        "spin_rotation": [
          [0.33333390357651194, -0.9428088399704599, 0.0],
          [-0.9428088399704599, -0.3333339035765115, 0.0],
          [0.0, 0.0, 1.0]
        ],
        "real_rotation": [
          [1.0, -2.0111258173600198e-16, -0.9999999999999996],
          [1.0000000000000002, -1.024442657542039e-16, 3.8094135438589796e-33],
          [1.0000000000000002, -1.0, -5.7297178115421684e-33]
        ],
        "translation": [0.0, 0.0, 0.0]
      },
      {
        "index": 41,
        "spin_rotation": [
          [0.33333390357651194, -0.9428088399704599, 0.0],
          [-0.9428088399704599, -0.3333339035765115, 0.0],
          [0.0, 0.0, 1.0]
        ],
        "real_rotation": [
          [-1.110223024625156e-16, -0.9999999999999996, 0.9999999999999998],
          [9.860761315262648e-32, 1.024442657542039e-16, 0.9999999999999999],
          [-1.0000000000000002, 0.0, 1.0]
        ],
        "translation": [0.0, 0.0, 0.0]
      },
      {
        "index": 42,
        "spin_rotation": [
          [0.33333390357651194, -0.9428088399704599, 0.0],
          [-0.9428088399704599, -0.3333339035765115, 0.0],
          [0.0, 0.0, 1.0]
        ],
        "real_rotation": [
          [0.0, 0.9999999999999998, -0.9999999999999996],
          [-1.0000000000000002, 1.0, 1.0244426575420388e-16],
          [9.860761315262648e-32, 1.0, -1.024442657542039e-16]
        ],
        "translation": [0.0, 0.0, 0.0]
      },
      {
        "index": 43,
        "spin_rotation": [
          [0.33333390357651194, -0.9428088399704599, 0.0],
          [-0.9428088399704599, -0.3333339035765115, 0.0],
          [0.0, 0.0, 1.0]
        ],
        "real_rotation": [
          [1.661145070385418e-16, 0.9999999999999996, -4.6514167867714364e-17],
          [9.860761315262648e-32, -1.024442657542039e-16, 0.9999999999999999],
          [1.0000000000000002, 0.0, -4.651416786771439e-17]
        ],
        "translation": [0.0, 0.0, 0.0]
      },
      {
        "index": 44,
        "spin_rotation": [
          [0.33333390357651194, -0.9428088399704599, 0.0],
          [-0.9428088399704599, -0.3333339035765115, 0.0],
          [0.0, 0.0, 1.0]
        ],
        "real_rotation": [
          [-1.661145070385418e-16, -0.9999999999999996, 4.6514167867714364e-17],
          [-9.860761315262648e-32, 1.024442657542039e-16, -0.9999999999999999],
          [-1.0000000000000002, 0.0, 4.651416786771439e-17]
        ],
        "translation": [0.0, 0.0, 0.0]
      },
      {
        "index": 45,
        "spin_rotation": [
          [0.33333390357651194, -0.9428088399704599, 0.0],
          [-0.9428088399704599, -0.3333339035765115, 0.0],
          [0.0, 0.0, 1.0]
        ],
        "real_rotation": [
          [0.0, 2.0111258173600198e-16, 0.9999999999999994],
          [1.0000000000000002, 1.024442657542039e-16, -2.048885315084078e-16],
          [9.860761315262648e-32, 1.0, -1.024442657542039e-16]
        ],
        "translation": [0.0, 0.0, 0.0]
      },
      {
        "index": 46,
        "spin_rotation": [
          [0.33333390357651194, -0.9428088399704599, 0.0],
          [-0.9428088399704599, -0.3333339035765115, 0.0],
          [0.0, 0.0, 1.0]
        ],
        "real_rotation": [
          [0.0, -2.0111258173600198e-16, -0.9999999999999994],
          [-1.0000000000000002, -1.024442657542039e-16, 2.048885315084078e-16],
          [-9.860761315262648e-32, -1.0, 1.024442657542039e-16]
        ],
        "translation": [0.0, 0.0, 0.0]
      },
      {
        "index": 47,
        "spin_rotation": [
          [0.3333329973246333, 0.4714044559678278, 0.8164967555283071],
          [0.471404455967828, 0.6666669263447327, -0.5773500222670319],
          [0.8164967555283069, -0.5773500222670319, 7.633063359158143e-08]
        ],
        "real_rotation": [
          [0.9999999999999997, -0.9999999999999998, 2.01112581736002e-16],
          [-1.0244426575420402e-16, -1.0, 2.048885315084078e-16],
          [9.860761315262648e-32, -1.0, 1.0]
        ],
        "translation": [0.0, 0.0, 0.0]
      },
      {
        "index": 48,
        "spin_rotation": [
          [0.3333329973246333, 0.4714044559678278, 0.8164967555283071],
          [0.471404455967828, 0.6666669263447327, -0.5773500222670319],
          [0.8164967555283069, -0.5773500222670319, 7.633063359158143e-08]
        ],
        "real_rotation": [
          [0.9999999999999998, 5.59300978864895e-17, -0.9999999999999998],
          [-9.860761315262648e-32, 1.0, -1.0],
          [-9.860761315262648e-32, 5.59300978864895e-17, -0.9999999999999999]
        ],
        "translation": [0.0, 0.0, 0.0]
      },
      {
        "index": 49,
        "spin_rotation": [
          [0.3333329973246333, 0.4714044559678278, 0.8164967555283071],
          [0.471404455967828, 0.6666669263447327, -0.5773500222670319],
          [0.8164967555283069, -0.5773500222670319, 7.633063359158143e-08]
        ],
        "real_rotation": [
          [1.0, -0.9999999999999996, -5.593009788648953e-17],
          [1.0000000000000002, 1.024442657542039e-16, -1.0],
          [1.0000000000000002, 0.0, -1.583743636406934e-16]
        ],
        "translation": [0.0, 0.0, 0.0]
      },
      {
        "index": 50,
        "spin_rotation": [
          [0.3333329973246333, 0.4714044559678278, 0.8164967555283071],
          [0.471404455967828, 0.6666669263447327, -0.5773500222670319],
          [0.8164967555283069, -0.5773500222670319, 7.633063359158143e-08]
        ],
        "real_rotation": [
          [-1.1102230246251565e-16, 0.9999999999999998, -0.9999999999999996],
          [-1.0244426575420382e-16, 1.0, 3.8094135438589796e-33],
          [-1.0000000000000002, 1.0, -5.7297178115421684e-33]
        ],
        "translation": [0.0, 0.0, 0.0]
      },
      {
        "index": 51,
        "spin_rotation": [
          [0.3333329973246333, 0.4714044559678278, 0.8164967555283071],
          [0.471404455967828, 0.6666669263447327, -0.5773500222670319],
          [0.8164967555283069, -0.5773500222670319, 7.633063359158143e-08]
        ],
        "real_rotation": [
          [4.930380657631324e-32, -2.0111258173600198e-16, 0.9999999999999997],
          [-1.0000000000000002, -1.024442657542039e-16, 1.0],
          [9.860761315262648e-32, -1.0, 1.0]
        ],
        "translation": [0.0, 0.0, 0.0]
      },
      {
        "index": 52,
        "spin_rotation": [
          [0.3333329973246333, 0.4714044559678278, 0.8164967555283071],
          [0.471404455967828, 0.6666669263447327, -0.5773500222670319],
          [0.8164967555283069, -0.5773500222670319, 7.633063359158143e-08]
        ],
        "real_rotation": [
          [1.0, -2.0111258173600198e-16, -1.5837436364069334e-16],
          [1.0000000000000002, -1.024442657542039e-16, -1.0],
          [1.0000000000000002, -1.0, -5.59300978864895e-17]
        ],
        "translation": [0.0, 0.0, 0.0]
      },
      {
        "index": 53,
        "spin_rotation": [
          [0.3333329973246333, 0.4714044559678278, 0.8164967555283071],
          [0.471404455967828, 0.6666669263447327, -0.5773500222670319],
          [0.8164967555283069, -0.5773500222670319, 7.633063359158143e-08]
        ],
        "real_rotation": [
          [4.930380657631324e-32, -0.9999999999999996, 0.9999999999999998],
          [-1.0000000000000002, 1.024442657542039e-16, 1.0],
          [9.860761315262648e-32, 0.0, 0.9999999999999999]
        ],
        "translation": [0.0, 0.0, 0.0]
      },
      {
        "index": 54,
        "spin_rotation": [
          [0.3333329973246333, 0.4714044559678278, 0.8164967555283071],
          [0.471404455967828, 0.6666669263447327, -0.5773500222670319],
          [0.8164967555283069, -0.5773500222670319, 7.633063359158143e-08]
        ],
        "real_rotation": [
          [-1.6611450703854174e-16, 0.9999999999999998, -1.5837436364069334e-16],
          [-9.860761315262648e-32, 1.0, -1.0],
          [-1.0000000000000002, 1.0, -5.59300978864895e-17]
        ],
        "translation": [0.0, 0.0, 0.0]
      },
      {
        "index": 55,
        "spin_rotation": [
          [0.3333329973246333, 0.4714044559678278, 0.8164967555283071],
          [0.471404455967828, 0.6666669263447327, -0.5773500222670319],
          [0.8164967555283069, -0.5773500222670319, 7.633063359158143e-08]
        ],
        "real_rotation": [
          [1.0, -2.0111258173600198e-16, -0.9999999999999996],
          [1.0000000000000002, -1.024442657542039e-16, 3.8094135438589796e-33],
          [1.0000000000000002, -1.0, -5.7297178115421684e-33]
        ],
        "translation": [0.0, 0.0, 0.0]
      },
      {
        "index": 56,
        "spin_rotation": [
          [0.3333329973246333, 0.4714044559678278, 0.8164967555283071],
          [0.471404455967828, 0.6666669263447327, -0.5773500222670319],
          [0.8164967555283069, -0.5773500222670319, 7.633063359158143e-08]
        ],
        "real_rotation": [
          [-1.110223024625156e-16, -0.9999999999999996, 0.9999999999999998],
          [9.860761315262648e-32, 1.024442657542039e-16, 0.9999999999999999],
          [-1.0000000000000002, 0.0, 1.0]
        ],
        "translation": [0.0, 0.0, 0.0]
      },
      {
        "index": 57,
        "spin_rotation": [
          [0.3333329973246333, 0.4714044559678278, 0.8164967555283071],
          [0.471404455967828, 0.6666669263447327, -0.5773500222670319],
          [0.8164967555283069, -0.5773500222670319, 7.633063359158143e-08]
        ],
        "real_rotation": [
          [0.0, 0.9999999999999998, -0.9999999999999996],
          [-1.0000000000000002, 1.0, 1.0244426575420388e-16],
          [9.860761315262648e-32, 1.0, -1.024442657542039e-16]
        ],
        "translation": [0.0, 0.0, 0.0]
      },
      {
        "index": 58,
        "spin_rotation": [
          [0.3333329973246333, 0.4714044559678278, 0.8164967555283071],
          [0.471404455967828, 0.6666669263447327, -0.5773500222670319],
          [0.8164967555283069, -0.5773500222670319, 7.633063359158143e-08]
        ],
        "real_rotation": [
          [1.661145070385418e-16, 0.9999999999999996, -4.6514167867714364e-17],
          [9.860761315262648e-32, -1.024442657542039e-16, 0.9999999999999999],
          [1.0000000000000002, 0.0, -4.651416786771439e-17]
        ],
        "translation": [0.0, 0.0, 0.0]
      },
      {
        "index": 59,
        "spin_rotation": [
          [0.3333329973246333, 0.4714044559678278, 0.8164967555283071],
          [0.471404455967828, 0.6666669263447327, -0.5773500222670319],
          [0.8164967555283069, -0.5773500222670319, 7.633063359158143e-08]
        ],
        "real_rotation": [
          [-1.661145070385418e-16, -0.9999999999999996, 4.6514167867714364e-17],
          [-9.860761315262648e-32, 1.024442657542039e-16, -0.9999999999999999],
          [-1.0000000000000002, 0.0, 4.651416786771439e-17]
        ],
        "translation": [0.0, 0.0, 0.0]
      },
      {
        "index": 60,
        "spin_rotation": [
          [0.3333329973246333, 0.4714044559678278, 0.8164967555283071],
          [0.471404455967828, 0.6666669263447327, -0.5773500222670319],
          [0.8164967555283069, -0.5773500222670319, 7.633063359158143e-08]
        ],
        "real_rotation": [
          [0.0, 2.0111258173600198e-16, 0.9999999999999994],
          [1.0000000000000002, 1.024442657542039e-16, -2.048885315084078e-16],
          [9.860761315262648e-32, 1.0, -1.024442657542039e-16]
        ],
        "translation": [0.0, 0.0, 0.0]
      },
      {
        "index": 61,
        "spin_rotation": [
          [0.3333329973246333, 0.4714044559678278, 0.8164967555283071],
          [0.471404455967828, 0.6666669263447327, -0.5773500222670319],
          [0.8164967555283069, -0.5773500222670319, 7.633063359158143e-08]
        ],
        "real_rotation": [
          [0.0, -2.0111258173600198e-16, -0.9999999999999994],
          [-1.0000000000000002, -1.024442657542039e-16, 2.048885315084078e-16],
          [-9.860761315262648e-32, -1.0, 1.024442657542039e-16]
        ],
        "translation": [0.0, 0.0, 0.0]
      },
      {
        "index": 62,
        "spin_rotation": [
          [-0.3333330990988548, -0.4714043840026321, 0.8164967555283071],
          [-0.4714043840026319, -0.6666669772317787, -0.5773500222670319],
          [0.8164967555283071, -0.5773500222670317, 7.633063359158143e-08]
        ],
        "real_rotation": [
          [0.9999999999999997, -0.9999999999999998, 2.01112581736002e-16],
          [-1.0244426575420402e-16, -1.0, 2.048885315084078e-16],
          [9.860761315262648e-32, -1.0, 1.0]
        ],
        "translation": [0.0, 0.0, 0.0]
      },
      {
        "index": 63,
        "spin_rotation": [
          [-0.3333330990988548, -0.4714043840026321, 0.8164967555283071],
          [-0.4714043840026319, -0.6666669772317787, -0.5773500222670319],
          [0.8164967555283071, -0.5773500222670317, 7.633063359158143e-08]
        ],
        "real_rotation": [
          [0.9999999999999998, 5.59300978864895e-17, -0.9999999999999998],
          [-9.860761315262648e-32, 1.0, -1.0],
          [-9.860761315262648e-32, 5.59300978864895e-17, -0.9999999999999999]
        ],
        "translation": [0.0, 0.0, 0.0]
      },
      {
        "index": 64,
        "spin_rotation": [
          [-0.3333330990988548, -0.4714043840026321, 0.8164967555283071],
          [-0.4714043840026319, -0.6666669772317787, -0.5773500222670319],
          [0.8164967555283071, -0.5773500222670317, 7.633063359158143e-08]
        ],
        "real_rotation": [
          [1.0, -0.9999999999999996, -5.593009788648953e-17],
          [1.0000000000000002, 1.024442657542039e-16, -1.0],
          [1.0000000000000002, 0.0, -1.583743636406934e-16]
        ],
        "translation": [0.0, 0.0, 0.0]
      },
      {
        "index": 65,
        "spin_rotation": [
          [-0.3333330990988548, -0.4714043840026321, 0.8164967555283071],
          [-0.4714043840026319, -0.6666669772317787, -0.5773500222670319],
          [0.8164967555283071, -0.5773500222670317, 7.633063359158143e-08]
        ],
        "real_rotation": [
          [-1.1102230246251565e-16, 0.9999999999999998, -0.9999999999999996],
          [-1.0244426575420382e-16, 1.0, 3.8094135438589796e-33],
          [-1.0000000000000002, 1.0, -5.7297178115421684e-33]
        ],
        "translation": [0.0, 0.0, 0.0]
      },
      {
        "index": 66,
        "spin_rotation": [
          [-0.3333330990988548, -0.4714043840026321, 0.8164967555283071],
          [-0.4714043840026319, -0.6666669772317787, -0.5773500222670319],
          [0.8164967555283071, -0.5773500222670317, 7.633063359158143e-08]
        ],
        "real_rotation": [
          [4.930380657631324e-32, -2.0111258173600198e-16, 0.9999999999999997],
          [-1.0000000000000002, -1.024442657542039e-16, 1.0],
          [9.860761315262648e-32, -1.0, 1.0]
        ],
        "translation": [0.0, 0.0, 0.0]
      },
      {
        "index": 67,
        "spin_rotation": [
          [-0.3333330990988548, -0.4714043840026321, 0.8164967555283071],
          [-0.4714043840026319, -0.6666669772317787, -0.5773500222670319],
          [0.8164967555283071, -0.5773500222670317, 7.633063359158143e-08]
        ],
        "real_rotation": [
          [1.0, -2.0111258173600198e-16, -1.5837436364069334e-16],
          [1.0000000000000002, -1.024442657542039e-16, -1.0],
          [1.0000000000000002, -1.0, -5.59300978864895e-17]
        ],
        "translation": [0.0, 0.0, 0.0]
      },
      {
        "index": 68,
        "spin_rotation": [
          [-0.3333330990988548, -0.4714043840026321, 0.8164967555283071],
          [-0.4714043840026319, -0.6666669772317787, -0.5773500222670319],
          [0.8164967555283071, -0.5773500222670317, 7.633063359158143e-08]
        ],
        "real_rotation": [
          [4.930380657631324e-32, -0.9999999999999996, 0.9999999999999998],
          [-1.0000000000000002, 1.024442657542039e-16, 1.0],
          [9.860761315262648e-32, 0.0, 0.9999999999999999]
        ],
        "translation": [0.0, 0.0, 0.0]
      },
      {
        "index": 69,
        "spin_rotation": [
          [-0.3333330990988548, -0.4714043840026321, 0.8164967555283071],
          [-0.4714043840026319, -0.6666669772317787, -0.5773500222670319],
          [0.8164967555283071, -0.5773500222670317, 7.633063359158143e-08]
        ],
        "real_rotation": [
          [-1.6611450703854174e-16, 0.9999999999999998, -1.5837436364069334e-16],
          [-9.860761315262648e-32, 1.0, -1.0],
          [-1.0000000000000002, 1.0, -5.59300978864895e-17]
        ],
        "translation": [0.0, 0.0, 0.0]
      },
      {
        "index": 70,
        "spin_rotation": [
          [-0.3333330990988548, -0.4714043840026321, 0.8164967555283071],
          [-0.4714043840026319, -0.6666669772317787, -0.5773500222670319],
          [0.8164967555283071, -0.5773500222670317, 7.633063359158143e-08]
        ],
        "real_rotation": [
          [1.0, -2.0111258173600198e-16, -0.9999999999999996],
          [1.0000000000000002, -1.024442657542039e-16, 3.8094135438589796e-33],
          [1.0000000000000002, -1.0, -5.7297178115421684e-33]
        ],
        "translation": [0.0, 0.0, 0.0]
      },
      {
        "index": 71,
        "spin_rotation": [
          [-0.3333330990988548, -0.4714043840026321, 0.8164967555283071],
          [-0.4714043840026319, -0.6666669772317787, -0.5773500222670319],
          [0.8164967555283071, -0.5773500222670317, 7.633063359158143e-08]
        ],
        "real_rotation": [
          [-1.110223024625156e-16, -0.9999999999999996, 0.9999999999999998],
          [9.860761315262648e-32, 1.024442657542039e-16, 0.9999999999999999],
          [-1.0000000000000002, 0.0, 1.0]
        ],
        "translation": [0.0, 0.0, 0.0]
      },
      {
        "index": 72,
        "spin_rotation": [
          [-0.3333330990988548, -0.4714043840026321, 0.8164967555283071],
          [-0.4714043840026319, -0.6666669772317787, -0.5773500222670319],
          [0.8164967555283071, -0.5773500222670317, 7.633063359158143e-08]
        ],
        "real_rotation": [
          [0.0, 0.9999999999999998, -0.9999999999999996],
          [-1.0000000000000002, 1.0, 1.0244426575420388e-16],
          [9.860761315262648e-32, 1.0, -1.024442657542039e-16]
        ],
        "translation": [0.0, 0.0, 0.0]
      },
      {
        "index": 73,
        "spin_rotation": [
          [-0.3333330990988548, -0.4714043840026321, 0.8164967555283071],
          [-0.4714043840026319, -0.6666669772317787, -0.5773500222670319],
          [0.8164967555283071, -0.5773500222670317, 7.633063359158143e-08]
        ],
        "real_rotation": [
          [1.661145070385418e-16, 0.9999999999999996, -4.6514167867714364e-17],
          [9.860761315262648e-32, -1.024442657542039e-16, 0.9999999999999999],
          [1.0000000000000002, 0.0, -4.651416786771439e-17]
        ],
        "translation": [0.0, 0.0, 0.0]
      },
      {
        "index": 74,
        "spin_rotation": [
          [-0.3333330990988548, -0.4714043840026321, 0.8164967555283071],
          [-0.4714043840026319, -0.6666669772317787, -0.5773500222670319],
          [0.8164967555283071, -0.5773500222670317, 7.633063359158143e-08]
        ],
        "real_rotation": [
          [-1.661145070385418e-16, -0.9999999999999996, 4.6514167867714364e-17],
          [-9.860761315262648e-32, 1.024442657542039e-16, -0.9999999999999999],
          [-1.0000000000000002, 0.0, 4.651416786771439e-17]
        ],
        "translation": [0.0, 0.0, 0.0]
      },
      {
        "index": 75,
        "spin_rotation": [
          [-0.3333330990988548, -0.4714043840026321, 0.8164967555283071],
          [-0.4714043840026319, -0.6666669772317787, -0.5773500222670319],
          [0.8164967555283071, -0.5773500222670317, 7.633063359158143e-08]
        ],
        "real_rotation": [
          [0.0, 2.0111258173600198e-16, 0.9999999999999994],
          [1.0000000000000002, 1.024442657542039e-16, -2.048885315084078e-16],
          [9.860761315262648e-32, 1.0, -1.024442657542039e-16]
        ],
        "translation": [0.0, 0.0, 0.0]
      },
      {
        "index": 76,
        "spin_rotation": [
          [-0.3333330990988548, -0.4714043840026321, 0.8164967555283071],
          [-0.4714043840026319, -0.6666669772317787, -0.5773500222670319],
